00000000  00000011  00
00000001  11111110  01
00000000  00100010  00
00000000  00000000  10
00000000  00000010  00
00000000  00000000  10
00000000  00000011  00
00000000  00000100  00
00000001  11111110  01
00000001  11111111  01
00000000  00100010  00
00000000  00100011  00
00000000  01011101  00
00000001  10000000  01
00000000  00000000  00
00000001  10000000  00
00000001  11011101  00
00000000  10000000  00
00000000  00000011  00
00000000  10000000  00
00000000  00000011  00
00000000  00000011  00
00000000  00000000  10
00000000  00000011  00
00000000  10010011  00
00000000  00000000  10
00000000  10010011  00
00000000  01101000  01
00000000  11010000  00
00000000  10110101  01
00000000  11010011  00
00000000  11101101  00
00000000  11110110  01
00000000  01101101  00
00000000  01110110  01
